1000
3 1 10 2
5 0 10 0
8 12 20 7
72 24 127 0
95 0 131 8
2 59 71 0
11 63 136 61
94 20 189 74
76 47 133 4
10 140 182 3
6 80 181 94
19 55 136 61
49 9 130 71
20 52 194 60
101 23 154 1
57 106 199 1
2 78 118 0
23 7 72 41
35 82 132 0
12 56 132 3
47 38 115 0
74 39 121 7
54 81 184 0
23 78 189 7
92 40 136 1
16 102 168 1
116 9 189 3
1 5 138 32
17 3 152 65
133 39 199 26
16 51 157 44
46 137 197 0
81 5 171 84
65 2 130 2
42 33 85 9
60 36 166 1
106 49 193 37
32 71 153 9
43 56 130 30
38 13 147 7
104 47 199 11
69 50 184 64
6 6 38 25
1 104 120 2
150 1 163 2
104 1 182 0
67 7 133 0
60 49 120 0
21 51 88 0
19 36 133 0
153 13 168 1
121 15 188 0
85 0 93 1
26 62 188 19
10 149 172 0
21 68 197 107
129 35 174 9
51 63 162 47
11 36 67 3
75 33 134 12
32 29 188 0
150 25 195 3
1 78 130 0
54 86 195 54
88 43 147 7
10 54 109 14
89 45 186 12
68 20 91 2
20 9 173 71
71 32 157 5
139 30 199 1
55 14 117 23
19 8 87 5
80 3 154 0
6 106 197 4
37 96 175 20
19 21 130 14
32 0 185 8
25 34 134 14
32 47 97 8
4 119 154 30
102 53 165 4
69 70 187 23
42 41 126 42
17 72 173 1
24 100 174 24
47 15 138 0
24 27 78 26
36 42 93 4
12 65 187 54
42 67 155 22
102 18 184 7
82 15 167 9
100 60 176 1
74 12 146 59
85 70 195 39
20 34 106 3
82 25 134 8
51 8 87 1
10 9 118 10
19 46 128 8
17 46 68 4
23 49 110 1
44 65 191 40
2 15 155 2
11 63 95 0
56 5 96 6
77 46 182 58
1 46 182 4
25 117 194 25
25 92 159 13
49 42 185 0
130 13 189 0
41 75 152 0
87 25 196 83
2 34 60 0
62 19 157 75
13 18 97 1
37 73 180 6
100 52 192 19
1 174 178 2
4 36 155 114
37 41 102 2
58 39 157 29
18 51 172 0
76 25 176 24
106 3 172 0
144 6 153 2
14 8 107 84
57 80 195 0
84 66 175 4
4 48 110 57
36 15 156 6
51 108 192 0
16 109 175 49
66 28 116 1
61 10 80 8
26 8 118 6
57 65 155 2
17 1 100 1
32 16 113 0
13 12 89 63
24 74 149 50
9 78 182 94
42 34 106 4
31 56 133 0
24 27 60 8
63 106 199 1
159 7 176 4
27 109 166 14
1 180 189 1
77 57 200 1
23 125 188 1
103 33 197 60
21 94 149 0
99 76 200 4
50 94 145 0
46 52 173 24
66 18 99 4
62 29 112 2
145 38 187 1
20 132 191 12
20 87 165 1
18 60 79 0
93 25 126 0
3 33 177 0
89 27 134 5
6 114 156 17
32 56 133 0
57 9 174 11
18 129 189 41
71 15 102 3
39 14 133 39
99 26 164 38
32 11 115 11
8 23 99 16
54 69 192 2
32 94 153 8
55 100 162 6
21 2 59 3
43 72 168 0
32 116 192 10
117 1 138 3
28 20 80 3
21 13 94 3
25 152 191 1
137 23 174 0
50 18 152 83
46 3 169 5
93 3 153 0
72 22 142 5
46 45 175 5
31 133 177 0
14 69 159 75
50 80 190 14
1 66 91 1
68 32 195 4
5 36 79 18
49 11 112 0
11 100 141 14
119 5 141 16
62 23 95 0
24 35 111 25
33 55 116 27
50 37 123 35
113 34 189 13
96 89 200 14
85 30 167 25
93 67 174 6
10 11 117 23
11 8 181 5
53 4 173 28
21 93 145 30
32 18 102 1
16 28 119 4
16 125 149 7
13 42 135 9
9 74 149 2
48 34 115 0
15 143 186 27
43 76 149 1
14 64 164 1
53 70 188 0
19 20 109 0
115 35 154 3
144 10 184 14
8 85 199 52
7 116 156 32
90 47 186 48
54 30 126 13
10 42 94 41
29 11 87 46
91 93 193 8
53 65 134 3
70 16 114 0
19 18 144 106
49 44 155 1
23 22 63 17
84 6 104 1
74 16 106 15
53 50 175 0
37 47 146 0
2 25 159 5
4 10 53 0
81 98 187 1
106 21 187 0
88 5 186 2
9 72 193 7
71 45 185 2
13 45 154 23
13 67 200 2
82 20 154 3
38 1 109 9
4 97 121 1
45 104 198 6
4 9 132 118
121 54 187 3
53 106 185 12
51 52 189 42
156 5 173 3
94 29 133 4
60 58 181 6
10 29 155 3
16 42 174 57
64 18 174 45
95 7 182 7
13 86 136 0
13 81 174 19
27 39 107 40
30 38 83 4
13 90 142 12
116 49 170 4
20 42 116 0
41 45 161 0
16 21 71 33
10 27 99 61
18 105 195 11
65 1 193 0
18 18 99 62
22 24 48 1
12 61 88 0
100 59 169 1
85 49 194 11
17 35 118 21
12 72 132 0
31 40 123 25
72 61 198 0
15 43 141 0
90 6 126 1
1 73 155 8
1 51 136 1
51 12 184 120
4 43 89 1
116 32 162 0
128 44 192 3
106 51 193 17
15 112 193 1
25 87 172 0
2 51 151 97
107 31 156 1
89 21 195 84
165 16 187 0
61 20 176 94
126 20 178 3
82 13 137 1
97 62 163 3
48 0 168 59
99 44 171 13
46 71 134 0
3 78 147 32
3 53 106 24
5 33 107 68
16 74 126 35
97 26 200 6
125 20 168 0
48 60 156 0
11 14 113 0
45 22 117 24
62 27 184 18
2 57 107 1
131 3 141 6
122 5 187 0
49 106 160 4
81 30 180 68
101 34 158 0
95 28 183 59
56 66 150 1
2 58 109 6
66 56 188 32
51 19 124 26
15 21 102 0
34 103 169 15
9 66 135 2
23 17 165 24
17 132 185 11
97 71 191 0
77 73 190 19
41 105 176 29
40 4 188 2
38 107 167 1
93 14 152 14
17 32 137 43
41 26 100 10
96 7 179 18
16 62 129 0
50 71 191 0
10 10 84 31
39 18 173 1
59 50 163 17
52 55 151 3
82 17 181 40
25 66 143 0
109 36 191 45
16 139 170 0
104 12 147 0
34 68 166 1
44 10 168 56
43 8 91 19
1 79 160 9
100 17 194 6
86 9 113 0
31 86 199 81
104 25 185 1
15 8 199 21
3 12 33 17
9 45 99 4
48 74 128 2
28 22 197 146
63 14 141 7
119 38 177 0
16 70 150 1
8 75 197 5
8 70 171 0
96 8 188 20
20 100 162 5
130 42 189 0
77 53 148 17
35 88 193 4
37 123 184 11
96 68 183 18
33 14 167 3
102 0 160 57
78 4 113 30
42 151 196 0
22 30 150 13
90 55 187 2
92 34 176 0
44 61 133 3
2 10 138 0
73 17 126 35
76 26 178 3
53 16 102 10
37 42 189 10
54 79 199 5
25 0 85 59
32 71 159 55
95 3 171 72
23 11 76 5
107 38 175 1
35 48 108 0
35 56 92 0
119 27 167 6
18 54 198 8
128 15 178 0
29 81 132 10
75 38 197 0
29 76 153 7
39 5 88 21
13 3 84 67
52 19 133 61
45 17 150 3
73 43 181 12
12 2 176 2
60 62 172 24
8 85 172 0
19 39 173 114
15 43 91 2
9 94 169 0
5 9 56 20
19 8 59 1
92 50 179 36
125 70 198 2
2 32 118 2
53 86 173 33
125 64 195 0
17 3 150 4
15 32 92 0
1 50 124 72
19 94 117 1
53 28 189 1
16 34 107 2
82 12 122 27
41 23 157 92
38 4 87 0
29 125 192 1
11 84 147 0
23 3 138 111
14 1 25 9
49 33 115 0
69 12 171 9
3 8 147 33
14 37 69 1
33 106 179 3
28 0 63 0
18 23 99 0
36 35 145 0
2 8 128 1
33 134 183 0
5 34 153 2
30 62 120 6
167 6 189 7
11 93 152 5
42 29 167 2
13 65 157 0
10 2 167 4
59 31 125 6
82 72 189 4
37 25 137 0
8 12 68 11
47 37 180 1
59 56 129 6
26 2 46 0
94 54 178 29
33 61 182 10
51 69 173 0
66 11 191 113
1 99 164 3
18 102 200 4
31 43 182 11
24 123 196 48
159 7 173 6
41 2 131 0
4 119 151 1
98 25 166 42
98 20 168 49
27 38 193 7
3 139 160 8
7 100 147 7
15 122 147 0
117 28 161 7
9 137 200 0
17 39 146 1
26 48 170 7
33 34 144 6
38 56 184 17
9 51 182 121
116 0 182 21
47 43 165 2
97 15 187 4
105 1 175 0
90 0 190 0
27 46 177 12
36 60 110 0
74 5 162 0
25 28 152 8
58 49 122 4
42 55 175 25
19 18 169 2
112 7 139 1
34 11 194 148
29 123 182 29
56 109 197 3
49 24 177 3
13 13 155 128
111 33 196 25
15 1 166 29
12 20 71 0
32 61 177 11
129 61 199 8
39 15 177 40
33 44 125 15
69 14 148 0
112 63 200 24
43 43 173 0
18 12 108 12
11 24 145 109
7 14 188 0
73 27 132 0
71 47 142 2
39 111 168 0
50 92 178 17
42 74 188 71
62 59 132 0
68 16 128 10
16 84 102 1
66 25 139 23
82 11 125 31
50 63 179 32
6 79 187 16
90 71 182 20
5 39 158 0
79 25 164 1
85 0 183 13
43 7 126 18
16 66 130 7
82 11 171 25
100 23 183 14
84 73 176 0
75 48 194 0
5 137 194 51
57 9 98 15
71 43 140 1
3 78 165 11
26 89 199 13
14 116 154 23
69 29 162 3
7 35 147 2
5 107 127 14
17 154 195 11
4 22 196 4
41 81 162 1
33 53 190 103
67 34 155 53
102 31 175 1
7 71 106 1
5 64 117 3
30 15 67 1
36 59 125 29
53 62 171 7
12 92 155 2
22 32 156 1
2 42 151 106
72 48 178 0
16 109 191 32
66 67 159 0
25 30 160 2
55 62 147 4
61 52 177 0
18 151 189 0
69 53 164 2
24 51 167 91
19 95 134 3
51 24 119 1
14 41 75 3
22 23 125 79
39 15 174 1
84 34 198 39
62 16 178 0
20 46 86 19
92 40 151 0
9 41 138 7
46 63 141 31
107 19 176 24
117 52 195 0
17 111 152 7
139 23 184 21
70 73 184 0
91 74 174 2
31 70 165 15
54 85 155 1
79 48 181 2
36 2 60 0
73 32 113 3
16 82 194 47
9 72 198 116
67 28 190 4
10 66 109 2
49 29 158 19
33 14 89 0
44 41 163 38
37 20 181 123
60 15 105 14
50 12 128 65
40 90 186 6
51 39 128 0
19 1 75 0
48 31 131 25
5 64 102 0
91 11 147 2
84 16 191 12
65 92 177 4
55 43 173 14
46 41 105 17
44 24 103 6
5 36 57 15
111 6 148 30
40 43 183 3
102 46 182 16
66 65 195 31
90 54 159 0
67 5 158 1
88 29 165 0
53 72 190 12
70 52 185 6
60 82 150 0
30 108 189 50
42 25 73 5
22 14 113 6
7 5 62 49
52 60 135 0
52 43 105 0
58 8 194 63
4 50 191 0
38 90 142 13
53 59 147 34
99 19 144 12
66 0 98 0
51 16 171 1
102 2 168 1
51 38 179 17
133 9 190 11
65 37 171 22
62 31 173 4
35 59 179 84
2 14 169 50
4 46 83 0
127 62 195 2
18 112 190 4
50 64 182 67
21 68 156 66
99 15 149 0
53 21 147 0
32 54 198 111
5 83 187 98
19 21 195 0
45 141 192 5
178 18 199 2
11 3 62 2
63 32 164 22
95 12 132 4
119 54 197 0
32 39 190 16
20 67 120 32
18 41 169 10
22 89 176 0
5 7 134 1
102 67 199 0
36 122 174 1
36 38 94 1
93 21 174 29
105 24 175 0
90 45 198 0
56 82 156 2
86 40 144 1
37 31 132 63
14 23 78 40
27 126 195 6
113 12 197 71
139 11 200 9
53 25 159 0
63 104 193 12
23 119 177 4
63 16 109 4
2 25 181 76
3 95 200 33
53 8 193 21
30 77 154 0
16 42 169 0
7 30 147 54
2 143 196 0
61 55 150 1
62 89 167 15
81 90 196 0
48 73 135 1
48 18 171 20
8 115 183 5
35 24 108 0
76 11 149 1
33 9 92 1
15 24 144 4
52 85 179 0
33 108 189 47
27 82 118 8
41 93 194 19
80 91 191 4
59 59 119 0
45 19 72 1
37 62 118 18
27 41 104 0
53 7 63 2
20 14 114 1
29 43 152 4
19 65 168 11
89 109 200 0
20 21 65 2
35 78 162 0
8 2 168 78
34 19 185 11
44 76 170 4
75 62 159 10
121 3 173 6
155 5 172 11
27 110 200 2
38 24 161 0
2 31 177 7
78 13 176 4
19 110 137 0
48 32 182 0
87 14 199 97
3 9 132 119
17 39 156 3
34 47 113 0
51 25 191 22
32 53 141 6
29 96 165 7
23 17 112 2
94 18 124 5
99 36 181 45
35 13 188 34
4 57 172 36
37 19 185 2
11 3 164 4
9 99 193 4
114 1 160 8
1 63 139 24
2 50 196 8
55 37 194 1
28 71 183 3
170 15 196 10
99 49 190 2
15 46 65 0
47 57 198 93
17 82 183 6
64 61 133 7
18 48 90 1
49 80 189 14
41 25 176 54
32 67 145 0
33 46 121 13
18 150 182 1
37 121 188 29
80 64 184 0
18 7 81 55
75 9 162 2
28 26 132 12
30 89 194 0
41 15 136 79
155 7 175 12
97 59 174 0
42 4 96 1
17 119 144 1
76 40 152 11
10 155 182 16
25 81 113 0
28 25 197 143
17 5 170 73
23 19 174 2
27 55 160 1
46 15 117 27
9 59 148 1
24 86 197 28
39 71 165 0
1 41 144 2
46 23 165 11
73 24 133 2
81 22 199 7
21 50 143 2
87 66 195 1
52 94 168 10
9 52 139 5
84 3 167 0
20 38 118 3
35 30 174 108
84 23 167 4
29 26 191 67
15 134 174 0
136 14 186 11
6 53 174 0
74 13 114 0
17 67 154 1
18 149 194 2
35 37 186 56
73 48 129 0
41 7 193 28
34 23 91 33
137 3 166 1
3 100 195 91
47 11 106 1
53 39 168 18
88 30 184 32
26 67 162 68
9 82 95 0
37 18 121 1
32 33 164 32
65 33 188 1
15 14 69 9
96 12 135 0
12 21 68 6
13 37 194 15
2 10 69 2
45 49 150 6
57 71 182 53
32 107 146 0
58 75 187 2
71 67 166 1
25 5 42 11
1 10 147 33
135 16 197 0
9 20 147 0
87 26 147 0
9 91 150 24
53 43 176 1
32 94 169 42
8 42 110 4
84 14 198 19
4 66 88 8
12 27 193 0
19 38 126 68
26 24 170 2
111 22 154 2
20 1 198 176
20 113 154 6
21 48 127 1
50 93 180 36
52 60 175 2
15 14 119 5
38 99 195 1
3 121 172 3
35 20 126 70
9 18 195 11
15 19 121 86
60 24 100 0
11 66 141 15
33 94 160 2
14 93 194 28
1 107 141 2
116 26 144 1
10 125 185 4
141 27 183 0
118 41 199 39
151 24 193 17
58 102 199 0
55 76 190 0
1 31 130 1
119 4 197 0
78 74 188 35
36 14 82 15
113 12 159 33
32 109 189 3
38 32 148 2
57 57 139 4
39 66 153 0
5 78 176 2
66 16 162 4
5 25 191 0
36 6 94 3
107 1 141 0
85 49 199 64
21 24 138 2
12 3 99 27
24 17 195 153
100 13 167 17
63 25 120 7
79 13 155 6
6 56 157 4
21 43 130 21
56 35 194 102
40 30 178 2
17 43 122 30
33 4 39 1
30 38 155 2
9 17 69 42
1 126 178 2
35 106 153 2
20 82 143 40
18 10 123 4
24 14 82 3
27 45 100 0
115 34 194 44
24 5 135 52
64 29 130 36
72 44 140 1
22 50 187 114
48 47 188 2
73 59 197 0
77 64 180 0
5 17 112 9
78 4 109 8
92 62 198 21
6 4 135 124
16 18 152 0
34 87 151 1
23 0 150 126
84 65 185 0
5 94 111 2
19 31 72 10
11 6 185 41
6 83 113 3
65 6 116 14
23 58 116 6
32 15 137 89
24 44 200 2
50 20 112 41
46 67 142 28
7 11 162 35
6 10 81 12
16 49 77 5
6 43 161 3
184 4 200 0
23 108 188 18
56 29 163 0
77 42 167 0
69 51 134 13
18 128 200 5
43 2 87 13
75 11 157 0
13 121 184 24
16 98 183 68
115 12 150 0
50 18 150 81
46 33 94 2
30 30 96 5
93 45 162 11
19 31 110 5
33 117 177 26
50 57 191 13
26 1 154 0
13 30 199 51
13 19 136 3
82 18 173 72
8 39 152 14
33 27 196 135
30 33 159 31
11 37 75 26
54 2 171 114
10 164 184 0
66 53 157 1
34 141 191 1
7 128 195 4
45 96 199 1
18 31 139 4
1 1 164 53
115 14 169 1
13 56 189 39
5 60 78 12
103 12 199 1
49 32 160 0
71 1 186 56
21 41 182 119
71 70 171 2
20 12 190 0
29 110 176 0
40 24 97 2
2 30 146 5
11 162 191 2
43 10 183 4
48 57 112 0
51 117 184 1
148 25 179 0
150 12 192 14
33 86 179 11
49 109 190 7
39 80 158 38
45 135 188 7
117 41 173 4
8 122 165 4
157 37 198 3
72 7 127 5
117 67 190 1
20 37 117 9
18 3 129 107
37 51 124 17
69 12 109 27
89 57 190 1
50 64 154 0
52 68 149 28
5 97 134 0
74 22 132 11
108 19 163 1
29 28 162 34