100
3 1 10 2
5 0 10 0
8 12 20 7
27 110 200 2
94 20 189 74
13 67 200 2
55 37 194 1
12 56 132 3
105 1 175 0
27 46 177 12
36 60 110 0
33 46 121 13
75 9 162 2
95 7 182 7
17 5 170 73
6 6 38 25
11 24 145 109
18 18 99 62
16 84 102 1
6 79 187 16
90 71 182 20
31 40 123 25
75 33 134 12
16 66 130 7
17 67 154 1
37 18 121 1
32 47 97 8
13 37 194 15
5 64 117 3
42 41 126 42
53 62 171 7
32 107 146 0
12 92 155 2
25 5 42 11
16 109 191 32
9 91 150 24
39 15 174 1
51 19 124 26
25 117 194 25
25 92 159 13
23 17 165 24
38 99 195 1
77 73 190 19
79 48 181 2
40 4 188 2
41 105 176 29
37 73 180 6
36 2 60 0
37 20 181 123
58 102 199 0
50 71 191 0
39 18 173 1
50 12 128 65
34 68 166 1
104 12 147 0
36 14 82 15
32 109 189 3
48 74 128 2
17 1 100 1
79 13 155 6
6 56 157 4
24 74 149 50
33 4 39 1
63 106 199 1
24 14 82 3
96 68 183 18
21 94 149 0
22 50 187 114
60 82 150 0
92 34 176 0
2 10 138 0
3 33 177 0
102 2 168 1
77 42 167 0
18 128 200 5
32 116 192 10
21 68 156 66
25 152 191 1
20 67 120 32
125 64 195 0
137 23 174 0
46 3 169 5
5 7 134 1
93 3 153 0
72 22 142 5
45 96 199 1
38 4 87 0
24 35 111 25
139 11 200 9
85 30 167 25
71 70 171 2
14 37 69 1
29 110 176 0
48 18 171 20
33 86 179 11
45 135 188 7
53 7 63 2
37 51 124 17
59 56 129 6
74 22 132 11